0.10833333333333334
0.13333333333333333
0.04625853808554219, -0.5211827995531008, 1.0030446153124943, 0.46412978496693447
-1.4528444969775751
13, 31, 78
0.3676399048773078, 4.575262242928147, -1.4035241436568526, 3.724301076498598
-13.771682929874231
41, 44, 45, 46, 47, 50, 54, 55, 56, 57, 58, 59, 62, 64, 65, 66, 67, 69, 70, 71, 72, 73, 75, 76, 77, 78, 79, 1, 2, 3, 15, 20, 28, 31, 32, 35, 81, 84, 86, 88, 89, 92, 93, 95, 96, 97, 100, 103, 104, 107, 112, 113, 116, 117, 119
4.202064068056643, 7.176284283883007, -8.749839026167194, -14.32535030520215
20.255859171538205
96, 99, 103, 108, 50, 52, 57, 63
