C = 0.1
0.041666666666666664
0.13333333333333333
0.1470921538569829, -0.3508769716586302, 0.7189940004257297, 0.3420055299780926
-1.8921299070140811
10, 13, 14, 15, 31, 34, 40, 44, 59, 73, 78
0, 0, 0, 0, 0, 0, 0, 0, 0, 0, 0, 0, 0, 0.10588867650006369, 0.06280481685787505, 0.010756123296704527, 0, 0, 0, 0, 0, 0, 0, 0, 0, 0, 0, 0, 0, 0, 0, 6.981918241461968e-05, 0, 0, 0.031275690133320315, 0, 0, 0, 0, 0, 0, 0, 0, 0, 0.060029548000829165, 0, 0, 0, 0, 0, 0, 0, 0, 0, 0, 0, 0, 0, 0, 0.12182387193866054, 0, 0, 0, 0, 0, 0, 0, 0, 0, 0, 0, 0, 0, 0.28217799443996533, 0, 0, 0, 0, 0.5507155796954463, 0, 0, 0, 0, 0, 0, 0, 0, 0, 0, 0, 0, 0, 0, 0, 0, 0, 0, 0, 0, 0, 0, 0, 0, 0, 0, 0, 0, 0, 0, 0, 0, 0, 0, 0, 0, 0, 0, 0, 0, 0
0.15567372696595771, 0.5856476364282258, -0.1890930005328131, 0.26784990875184467
-1.432728294508877
40, 41, 42, 43, 44, 45, 46, 47, 48, 49, 50, 51, 52, 53, 54, 55, 56, 57, 58, 59, 60, 61, 62, 63, 64, 65, 66, 67, 68, 69, 70, 71, 72, 73, 74, 75, 76, 77, 78, 79, 2, 3, 14, 15, 19, 20, 24, 27, 28, 31, 32, 35, 37, 81, 82, 83, 84, 86, 88, 89, 91, 92, 93, 95, 96, 97, 98, 99, 100, 102, 103, 104, 105, 107, 108, 109, 112, 115, 116, 117, 119
0, 0, 0.24165075773201944, 0.2722879824254615, 0, 0, 0, 0, 0, 0, 0, 0, 0, 0, 0, 0.21247627787928258, 0, 0, 0, 0.11025901940568893, 0.17266477128870908, 0, 0, 0, 0.16150118252036927, 0, 0, 0.16150118252036927, 0.26570774786517065, 0, 0, 0.7992381590206155, 0.09570775351423895, 0, 0, 0.16390011017127973, 0, 0.07796393018560895, 0, 0, 1.6298469010440533, 2.6854590285387365, 1.888566012038132, 2.469548861886478, 2.619593651462769, 2.8574483297608753, 2.535342290892609, 2.240932840074306, 1.9909077852435595, 2.119509013431378, 2.8074169906932007, 2.5377862117244825, 2.158723353037351, 2.306798217150272, 2.6082349430084983, 2.749854087292963, 2.5152639145018725, 2.7244063003889414, 2.5407192748869276, 2.298006601143972, 2.0393594382197286, 2.0279287816956217, 2.373572822147571, 2.2449266007787894, 2.490153800307717, 3.0045945845446265, 2.8139896517724567, 2.0481960474069933, 2.5673703123569207, 2.147220748443408, 2.0835667528134527, 2.581993526318207, 2.2611281577158424, 1.9397362270829763, 2.284925653574261, 2.5236445666127336, 2.4775198932176377, 2.5630464524236056, 2.253539792275513, 2.419964563298435, 0, 0.5057290195268741, 0.13749073378247845, 0.7126794053757698, 0.3070285406917105, 0, 0.3218994410009264, 0, 0.5806172088792668, 1.094273279926678, 0, 0.45282899188555586, 0.4723538513569183, 0.4574199195746383, 0, 0.13096306588418524, 0.36756950043535547, 0.2476084186331331, 0.4253123765594569, 0.3238243732833313, 0.4143439074770498, 0, 0.3864370527790874, 0.5439352282528079, 0.935222373250316, 0.02105988212730064, 0, 0.2594936891179062, 0.24275799666931644, 0.0024518240583029176, 0, 0, 0.5864051567690249, 0, 0, 3.297453960948702e-07, 0.6159892574014632, 0.161814791671398, 0, 0.3476862437305505
-0.09194028495244216, 0.08716418394555608, -1.1056716321088855, -0.899104468897998
7.2229261139718295
80, 81, 83, 84, 86, 89, 91, 93, 96, 97, 103, 104, 107, 108, 109, 111, 112, 115, 116, 117, 119, 41, 43, 45, 46, 48, 50, 52, 53, 54, 55, 56, 57, 58, 63, 64, 65, 66, 67, 70, 71, 77
0, 0, 0, 0, 0, 0, 0, 0, 0, 0, 0, 0, 0, 0, 0, 0, 0, 0, 0, 0, 0, 0, 0, 0, 0, 0, 0, 0, 0, 0, 0, 0, 0, 0, 0, 0, 0, 0, 0, 0, 0, 0.03530159863275444, 0, 0.3778082398900193, 0, 0.1723376309198901, 0.24786603080779276, 0, 0.33516182492699914, 0, 0.6753316761369431, 0, 0.6324348883827157, 0.2582146685595387, 0.025119867006900592, 0.17200380506573645, 0.5061647682302998, 0.8306447453514251, 0.2796630624366512, 0, 0, 0, 0, 0.8183766055377054, 0.23501368781458856, 0.3120442927108718, 0.4670235360712007, 0.13252875158660798, 0, 0, 0, 0.29443491202595456, 0, 0, 0, 0, 0, 0.01226752401369577, 0, 0, 0.32648357978494, 0.21072901711253167, 0, 0.4125275144822297, 0.0957255637454993, 0, 0.13086087658651102, 0, 0, 0.6891867554974019, 0, 0.5145117051277944, 0, 0.5891220759820595, 0, 0, 0.678921575342726, 0.6202514559026112, 0, 0, 0, 0, 0, 0.629181332640675, 0.30628703172736976, 0, 0, 0.1433793937255628, 0.703958609620829, 6.430047704411396e-07, 0, 0.10615767269668594, 0.40384801053537633, 0, 0, 0.035636687825825374, 0.4368134439890815, 0.2370179062784259, 0, 0.47854183445258647

C = 0.2
0.03333333333333333
0.1
0.15469538060468466, -0.3915752519694864, 0.7651819374495733, 0.3543591751898917
-1.8964214397668673
13, 14, 31, 34, 59, 73, 78
0, 0, 0, 0, 0, 0, 0, 0, 0, 0, 0, 0, 0, 0.08309204734597578, 0.04188582822600951, 0, 0, 0, 0, 0, 0, 0, 0, 0, 0, 0, 0, 0, 0, 0, 0, 0.00013683027150932726, 0, 0, 0.0001362259285316464, 0, 0, 0, 0, 0, 0, 0, 0, 0, 0, 0, 0, 0, 0, 0, 0, 0, 0, 0, 0, 0, 0, 0, 0, 0.0002731723238496196, 0, 0, 0, 0, 0, 0, 0, 0, 0, 0, 0, 0, 0, 0.152897254008006, 0, 0, 0, 0, 0.4255337762426826, 0, 0, 0, 0, 0, 0, 0, 0, 0, 0, 0, 0, 0, 0, 0, 0, 0, 0, 0, 0, 0, 0, 0, 0, 0, 0, 0, 0, 0, 0, 0, 0, 0, 0, 0, 0, 0, 0, 0, 0, 0
0.31134745426973054, 1.1712952727853336, -0.3781860004788849, 0.5356998178770692
-3.8654565932822953
40, 41, 42, 43, 44, 45, 46, 47, 48, 49, 50, 51, 52, 53, 54, 55, 56, 57, 58, 59, 60, 61, 62, 63, 64, 65, 66, 67, 68, 69, 70, 71, 72, 73, 74, 75, 76, 77, 78, 79, 2, 3, 14, 15, 19, 20, 24, 27, 28, 31, 32, 35, 37, 81, 82, 83, 84, 86, 88, 89, 91, 92, 93, 95, 96, 97, 98, 99, 100, 102, 103, 104, 105, 107, 108, 109, 112, 115, 116, 117, 119
0, 0, 0.24165075918166684, 0.27228798412542216, 0, 0, 0, 0, 0, 0, 0, 0, 0, 0, 0, 0.21247627916764567, 0, 0, 0, 0.11025902077791881, 0.17266477263126287, 0, 0, 0, 0.16150118390808368, 0, 0, 0.16150118390808368, 0.2657077494283623, 0, 0, 0.7992381604960692, 0.09570775508775227, 0, 0, 0.16390011156673578, 0, 0.07796393166751318, 0, 0, 0.17846228168105974, 1.2340744097783027, 0.4371813931228636, 1.0181642433660365, 1.168209032324284, 1.4060637112494638, 1.0839576721863686, 0.7895482211267817, 0.5395231667256964, 0.6681243943870825, 1.3560323722592087, 1.0864015928840505, 0.7073387346988377, 0.8554135985807996, 1.156850324364188, 1.2984694687621974, 1.0638792962007755, 1.273021682219455, 1.0893346562839084, 0.8466219819216168, 0.5879748191134994, 0.5765441625197173, 0.9221882031690799, 0.7935419824686635, 1.038769181552446, 1.553209965942898, 1.362605033415879, 0.5968114288117139, 1.1159856934261714, 0.6958361294713692, 0.6321821339794745, 1.1306089077500248, 0.8097435387850919, 0.48835160761934104, 0.8335410347015733, 1.072259947721983, 1.0261352743591439, 1.1116618337302662, 0.8021551727254285, 0.968579944402522, 0, 0.5057290184204776, 0.1374907324541543, 0.712679404531299, 0.3070285396872447, 0, 0.32189943982743535, 0, 0.5806172066593621, 1.0942732791286585, 0, 0.4528289911236624, 0.4723538493137824, 0.45741991869017057, 0, 0.13096306433651433, 0.3675694996231437, 0.2476084178131784, 0.4253123752762922, 0.3238243718646885, 0.4143439057900298, 0, 0.3864370514688267, 0.54393522736963, 0.9352223722200453, 0.021059880268673836, 0, 0.2594936879740913, 0.24275799591645558, 0.0024518227532049084, 0, 0, 0.5864051558948776, 0, 0, 3.285151335396737e-07, 0.6159892564369985, 0.1618147905714533, 0, 0.3476862428744672
0.07164491211993343, 0.23999999999999905, -1.3760313444397667, -1.1621932161599176
7.4575903494724525
80, 81, 83, 89, 91, 93, 96, 97, 103, 104, 107, 108, 111, 112, 116, 117, 119, 43, 45, 46, 48, 50, 52, 53, 55, 56, 57, 58, 63, 64, 65, 66, 67, 71
0, 0, 0, 0, 0, 0, 0, 0, 0, 0, 0, 0, 0, 0, 0, 0, 0, 0, 0, 0, 0, 0, 0, 0, 0, 0, 0, 0, 0, 0, 0, 0, 0, 0, 0, 0, 0, 0, 0, 0, 0, 0, 0, 0.2770402065666656, 0, 0, 0.19611323869150732, 0, 0.2780567457956073, 0, 0.5766353923239059, 0, 0.5371999345596136, 0.16241807696288132, 0, 0.017136047711619418, 0.33832841368991773, 0.6589407197263443, 0.19355178539179446, 0, 0, 0, 0, 0.7378719386379834, 0.20399286434549266, 0.19147275915653136, 0.29091569739421813, 0.05743010844437359, 0, 0, 0, 0.18817330965446652, 0, 0, 0, 0, 0, 0, 0, 0, 0.19199276100225215, 0.03463572413211217, 0, 0.1437587712324572, 0, 0, 0, 0, 0, 0.435534634718768, 0, 0.25508145133417715, 0, 0.39728227072690947, 0, 0, 0.48220935481211713, 0.4289960390976948, 0, 0, 0, 0, 0, 0.45087176234534543, 0.102161009961155, 0, 0, 0, 0.5007253251746455, 0, 0, 0.002824322883902973, 0.16233504497804202, 0, 0, 0, 0.23130761200043265, 0.08992806608179615, 0, 0.26977821563582544

C = 0.30000000000000004
0.03333333333333333
0.1
0.08461491940959275, -0.4452659076269335, 0.8404228999803343, 0.39549567986979833
-1.567952957053324
13, 14, 31, 73, 78
0, 0, 0, 0, 0, 0, 0, 0, 0, 0, 0, 0, 0, 0.02000207916148656, 0.0001908211492891103, 0, 0, 0, 0, 0, 0, 0, 0, 0, 0, 0, 0, 0, 0, 0, 0, 0, 0, 0, 0, 0, 0, 0, 0, 0, 0, 0, 0, 0, 0, 0, 0, 0, 0, 0, 0, 0, 0, 0, 0, 0, 0, 0, 0, 0, 0, 0, 0, 0, 0, 0, 0, 0, 0, 0, 0, 0, 0, 9.549735008394364e-05, 0, 0, 0, 0, 0.2837581338118467, 0, 0, 0, 0, 0, 0, 0, 0, 0, 0, 0, 0, 0, 0, 0, 0, 0, 0, 0, 0, 0, 0, 0, 0, 0, 0, 0, 0, 0, 0, 0, 0, 0, 0, 0, 0, 0, 0, 0, 0, 0
0.2786649158017166, 1.4100000000000006, -0.48818539949655293, 0.7541801469016141
-4.261237518185589
41, 42, 43, 44, 45, 46, 47, 48, 49, 50, 51, 52, 53, 54, 55, 56, 57, 58, 59, 60, 61, 62, 63, 64, 65, 66, 67, 68, 69, 70, 71, 72, 73, 74, 75, 76, 77, 78, 79, 2, 3, 15, 19, 20, 24, 27, 28, 31, 32, 35, 37, 81, 82, 83, 84, 86, 88, 89, 91, 92, 93, 95, 96, 97, 98, 99, 100, 102, 103, 104, 105, 107, 108, 109, 112, 113, 116, 117, 119
0, 0, 0.17799160626526908, 0.1737890351419764, 0, 0, 0, 0, 0, 0, 0, 0, 0, 0, 0, 0.15821883894141067, 0, 0, 0, 0.04116515907622799, 0.10791242932301597, 0, 0, 0, 0.10716490618344773, 0, 0, 0.10716490618344773, 0.17045712844651129, 0, 0, 0.6918375550338097, 0.004080866696148736, 0, 0, 0.08900034844411306, 0, 1.4368611153691247e-06, 0, 0, 0, 0.999305993177285, 0.18536824509484418, 0.760492497539546, 0.9506177711262861, 1.1119207973255278, 0.8635765370268454, 0.5396248867922113, 0.296716653795755, 0.44246711553914525, 1.1263553931288626, 0.8344247777060584, 0.44751274136267927, 0.5883131088432086, 0.880528616201161, 1.0122918058219532, 0.763588099641365, 0.9894058046515621, 0.8461518486652368, 0.6128096438191549, 0.3716404154573242, 0.3559470779684991, 0.6862207274568732, 0.5514574672949343, 0.8306948157700589, 1.3065881319517214, 1.0700095519708466, 0.33615667889992623, 0.8897944448927023, 0.48621522131015477, 0.40969855758774626, 0.872482919836481, 0.5742303051599387, 0.305763809638364, 0.6114277608454053, 0.8329373851887641, 0.7942448832241605, 0.8476468949443743, 0.6194834351929572, 0.7398590437707325, 0, 0.48687027389448884, 0.14015576377772226, 0.6374300568677675, 0.22224457939327164, 0, 0.3229652323946359, 0, 0.6391813637062957, 1.0601500121610208, 0, 0.3755042334488638, 0.5486874058441605, 0.43259759774644757, 0, 0.18551440335428537, 0.33704803607790634, 0.2159149263776903, 0.4010977594634112, 0.3832773400822975, 0.4696918681093999, 0, 0.3566021305528329, 0.540500936446507, 0.928266005472999, 0.07601050883154488, 0, 0.2562179621478479, 0.2035534955843304, 0.011724480852393963, 0, 0, 0.5279108548213421, 0, 0, 0, 0.5832805220079855, 0.14756710030822076, 0, 0.3064012304779828
0.12856598880809664, 0.42226277442053334, -1.5262845693619338, -1.346855985970678
7.6854986073302785
80, 81, 83, 89, 91, 93, 96, 97, 103, 104, 108, 111, 112, 116, 117, 119, 43, 46, 48, 50, 52, 53, 56, 57, 58, 63, 64, 65, 66, 67, 71
0, 0, 0, 0, 0, 0, 0, 0, 0, 0, 0, 0, 0, 0, 0, 0, 0, 0, 0, 0, 0, 0, 0, 0, 0, 0, 0, 0, 0, 0, 0, 0, 0, 0, 0, 0, 0, 0, 0, 0, 0, 0, 0, 0.1751527613729969, 0, 0, 0.10385033410554145, 0, 0.22899929979746828, 0, 0.45860856642144665, 0, 0.4551178312083071, 0.06609961573120696, 0, 0, 0.22549574896072205, 0.5316664841203556, 0.09943332219031022, 0, 0, 0, 0, 0.6443074279480138, 0.11619533879890874, 0.062731406389439, 0.16223482390653424, 0, 0, 0, 0, 0.0816022573584848, 0, 0, 0, 0, 0, 0, 0, 0, 0.18947544230806426, 4.6011074492427564e-05, 0, 0.07146194777707861, 0, 0, 0, 0, 0, 0.3524758201858509, 0, 0.19938594438791266, 0, 0.3516466064564883, 0, 0, 0.43902460812431743, 0.40012059417763185, 0, 0, 0, 0, 0, 0.41935380551191603, 0.06473834471714603, 0, 0, 0, 0.4672255983739572, 0, 0, 0, 0.10956601008040778, 0, 0, 0, 0.17316003341382666, 0.07565194082204839, 0, 0.24122057639824865

C = 0.4
0.03333333333333333
0.1
0.06496522369062412, -0.4438764442560665, 0.8474298643567156, 0.38951108681519653
-1.4901841106470162
13, 14, 31, 73, 78
0, 0, 0, 0, 0, 0, 0, 0, 0, 0, 0, 0, 0, 0.01133646848776842, 0.00047153625207731756, 0, 0, 0, 0, 0, 0, 0, 0, 0, 0, 0, 0, 0, 0, 0, 0, 0, 0, 0, 0, 0, 0, 0, 0, 0, 0, 0, 0, 0, 0, 0, 0, 0, 0, 0, 0, 0, 0, 0, 0, 0, 0, 0, 0, 0, 0, 0, 0, 0, 0, 0, 0, 0, 0, 0, 0, 0, 0, 0.00023593110286650098, 0, 0, 0, 0, 0.2877466143246117, 0, 0, 0, 0, 0, 0, 0, 0, 0, 0, 0, 0, 0, 0, 0, 0, 0, 0, 0, 0, 0, 0, 0, 0, 0, 0, 0, 0, 0, 0, 0, 0, 0, 0, 0, 0, 0, 0, 0, 0, 0
0.39022770832433057, 1.6675557075532208, -0.6225090461746295, 0.9259306061777314
-5.44522998121226
41, 42, 43, 44, 45, 46, 47, 48, 49, 50, 51, 52, 53, 54, 55, 56, 57, 58, 59, 60, 61, 62, 63, 64, 65, 66, 67, 68, 69, 70, 71, 72, 73, 74, 75, 76, 77, 78, 79, 2, 3, 15, 19, 20, 24, 27, 28, 31, 32, 35, 37, 81, 82, 83, 84, 86, 88, 89, 91, 92, 93, 95, 96, 97, 98, 99, 100, 102, 103, 104, 105, 107, 108, 109, 112, 116, 117, 119
0, 0, 0.17044598896897975, 0.1745365915327901, 0, 0, 0, 0, 0, 0, 0, 0, 0, 0, 0, 0.14787403383670011, 0, 0, 0, 0.04198158873024208, 0.10447355746760635, 0, 0, 0, 0.10022665525425462, 0, 0, 0.10022665525425462, 0.17105612876878143, 0, 0, 0.6777486542258582, 0.007889206557510076, 0, 0, 0.07984556914077749, 0, 0.00016184158014963975, 0, 0, 0, 0.7994856008735894, 0.00031959434463317907, 0.5585068157944858, 0.7527609613900279, 0.9275895514929295, 0.6508442644912303, 0.3395982953770868, 0.11272552985577335, 0.2444598378617381, 0.9158194342720739, 0.6448124830890212, 0.25474492650422365, 0.3863229348606479, 0.6923035620219252, 0.8269145980190225, 0.5801081815075667, 0.7991730015745071, 0.6456267728586794, 0.42165706045827084, 0.1742405041470134, 0.1593959139920933, 0.4911099547236525, 0.3450263420064194, 0.6126612797546884, 1.098844288300958, 0.8815229021294854, 0.15325568326065875, 0.6820663236997548, 0.28551314556248747, 0.19997391771729522, 0.6705458966593034, 0.3790708738588353, 0.10417747008182963, 0.40686032062366684, 0.6254019863947428, 0.5891187352032087, 0.6541205772853833, 0.42310295385301794, 0.5379908938567549, 0, 0.48209788654781366, 0.13129235344798393, 0.6422381861453366, 0.22765109056293598, 0, 0.3244674602951011, 0, 0.6215810233564282, 1.056215141927936, 0, 0.38612367543752035, 0.5334034913690973, 0.4246671097934598, 0, 0.17993819030184044, 0.3317195212969136, 0.2180997112130956, 0.4012808648915219, 0.3727942928229506, 0.4532444598329211, 0, 0.3559806549774203, 0.5398955179484913, 0.9388237336063144, 0.051602220860431064, 0, 0.2619754915577368, 0.20673558382218507, 0.00016178021489538947, 0, 0, 0.5357356012390777, 0, 0, 0, 0.572989441849811, 0.1425001811893535, 0, 0.31719393546800045
0.18099763012737574, 0.48785010382998073, -1.764225568727999, -1.5622479181426958
8.69419108788343
80, 83, 89, 91, 93, 96, 97, 103, 104, 108, 112, 116, 117, 119, 43, 46, 48, 50, 52, 53, 56, 57, 58, 63, 64, 65, 66, 71
0, 0, 0, 0, 0, 0, 0, 0, 0, 0, 0, 0, 0, 0, 0, 0, 0, 0, 0, 0, 0, 0, 0, 0, 0, 0, 0, 0, 0, 0, 0, 0, 0, 0, 0, 0, 0, 0, 0, 0, 0, 0, 0, 0.11020955495858521, 0, 0, 0.04602006603029232, 0, 0.16274202303129084, 0, 0.39661200690148457, 0, 0.38701680805592215, 0.0009533757770237204, 0, 0, 0.15102937967988292, 0.45851651302228474, 0.03623498214163472, 0, 0, 0, 0, 0.5800326439430903, 0.0610202681926196, 0, 0.08951405740838687, 0, 0, 0, 0, 0.016889022669139657, 0, 0, 0, 0, 0, 0, 0, 0, 0.12835276638714424, 0, 0, 0, 0, 0, 0, 0, 0, 0.2854830175186945, 0, 0.12620099861957226, 0, 0.2879578853692809, 0, 0, 0.3737783165775623, 0.3336036445149463, 0, 0, 0, 0, 0, 0.35617003152472454, 0, 0, 0, 0, 0.39920875528723, 0, 0, 0, 0.03951120644778976, 0, 0, 0, 0.10968628283505953, 0.014816913661701729, 0, 0.17239301864572656

C = 0.5
0.041666666666666664
0.1
0.045039636777182146, -0.44386064770472555, 0.8540825367658524, 0.38378961585756205
-1.4068009998011384
13, 14, 31, 73, 78
0, 0, 0, 0, 0, 0, 0, 0, 0, 0, 0, 0, 0, 0.0019245303952829342, 0, 0, 0, 0, 0, 0, 0, 0, 0, 0, 0, 0, 0, 0, 0, 0, 0, 0.0004262020744293195, 0, 0, 0, 0, 0, 0, 0, 0, 0, 0, 0, 0, 0, 0, 0, 0, 0, 0, 0, 0, 0, 0, 0, 0, 0, 0, 0, 0, 0, 0, 0, 0, 0, 0, 0, 0, 0, 0, 0, 0, 0, 0.00021241572090068285, 0, 0, 0, 0, 0.2914896799677335, 0, 0, 0, 0, 0, 0, 0, 0, 0, 0, 0, 0, 0, 0, 0, 0, 0, 0, 0, 0, 0, 0, 0, 0, 0, 0, 0, 0, 0, 0, 0, 0, 0, 0, 0, 0, 0, 0, 0, 0, 0
0.43752657894557334, 1.8600347180732713, -0.7181324680187076, 1.0804996040305452
-6.175865751494324
41, 43, 44, 45, 46, 47, 48, 49, 50, 51, 52, 53, 54, 55, 56, 57, 58, 59, 60, 61, 62, 63, 64, 65, 66, 67, 68, 69, 70, 71, 72, 73, 74, 75, 76, 77, 78, 79, 2, 3, 15, 19, 20, 24, 27, 28, 31, 32, 35, 37, 81, 82, 83, 84, 86, 88, 89, 91, 92, 93, 95, 96, 97, 98, 99, 100, 102, 103, 104, 105, 107, 108, 109, 112, 113, 116, 117, 119
0, 0, 0.1701445379110884, 0.1715835394145727, 0, 0, 0, 0, 0, 0, 0, 0, 0, 0, 0, 0.1476608631680532, 0, 0, 0, 0.04342345830627998, 0.10501398426364156, 0, 0, 0, 0.10175979576824928, 0, 0, 0.10175979576824928, 0.16804351172448667, 0, 0, 0.6660565392657335, 0.006975165703865943, 0, 0, 0.07657946495513276, 0, 0.00018094951838800135, 0, 0, 0, 0.688527594798029, 0, 0.44363278981353554, 0.6441558751954382, 0.8116422519131142, 0.5384174198779189, 0.22516182424467943, 0.007805918113130942, 0.13517487643697879, 0.8033850827300592, 0.5339676257681917, 0.1439797725153285, 0.2695335438472695, 0.578053506176088, 0.7121644318498543, 0.46461106825344967, 0.6848972208142126, 0.5336578350794059, 0.3122424717039437, 0.06679013429414042, 0.05110067573658316, 0.3809130530414762, 0.23281355801423864, 0.5005301257720205, 0.9831112366089353, 0.7651455546298304, 0.04481174314085518, 0.5692246586036459, 0.1787032244195649, 0.08808254927021458, 0.5552600407442663, 0.2692858021107455, 0.0002205791432085101, 0.29652906165229365, 0.5102926912581967, 0.4765410547258639, 0.5401662120701897, 0.3202943424560183, 0.4270999596359739, 0, 0.47919308638763636, 0.13043706202979377, 0.6328051915396624, 0.21622195746429165, 0, 0.32761561262257455, 0, 0.6238189485244254, 1.0514894518016347, 0, 0.37905324164125975, 0.5409120560968969, 0.4205469582368809, 0, 0.18940712683341196, 0.3278633543590989, 0.21683173331184813, 0.39837307418263224, 0.3818543899691468, 0.4579670662111978, 0, 0.35159053770465426, 0.5425465505013449, 0.9437501167079451, 0.05293763311981794, 0, 0.26602508666521296, 0.20468230244437655, 0, 0, 0, 0.530668812864491, 0.000175954734900053, 0, 0, 0.5659258456999448, 0.14077130590535736, 0, 0.3169051832585872
0.20283133240060502, 0.4377310066235276, -1.81603089803117, -1.6377364614235084
9.08723899448271
80, 89, 91, 93, 96, 97, 103, 104, 108, 112, 116, 117, 119, 43, 46, 48, 50, 52, 56, 57, 58, 63, 64, 65, 66, 71
0, 0, 0, 0, 0, 0, 0, 0, 0, 0, 0, 0, 0, 0, 0, 0, 0, 0, 0, 0, 0, 0, 0, 0, 0, 0, 0, 0, 0, 0, 0, 0, 0, 0, 0, 0, 0, 0, 0, 0, 0, 0, 0, 0.09397784723224695, 0, 0, 0.03709276435937346, 0, 0.1287596542576736, 0, 0.3932453005023477, 0, 0.35936912995158543, 0, 0, 0, 0.1274350045658457, 0.44327949892072965, 0.022104437375203536, 0, 0, 0, 0, 0.5600789665120396, 0.05336764941873232, 1.993129361669393e-06, 0.07573507721197048, 0, 0, 0, 0, 0.003558592190891099, 0, 0, 0, 0, 0, 0, 0, 0, 0.10798153359851709, 0, 0, 0, 0, 0, 0, 0, 0, 0.29306155864592964, 0, 0.11021440210683027, 0, 0.28102459953382675, 0, 0, 0.3633064120455035, 0.31743404387810986, 0, 0, 0, 0, 0, 0.3499847331354407, 2.673699842442874e-06, 0, 0, 0, 0.38215441325523886, 0, 0, 0, 0.02891699164492097, 0, 0, 0, 0.10733912993103163, 8.354226141381687e-07, 0, 0.15544353500513564

C = 0.6000000000000001
0.05
0.06666666666666667
0.037744332377505706, -0.4418218523724735, 0.8546210342549707, 0.38840805084689145
-1.3813066085567283
13, 31, 73, 78
0, 0, 0, 0, 0, 0, 0, 0, 0, 0, 0, 0, 0, 0.00022843027399353002, 0, 0, 0, 0, 0, 0, 0, 0, 0, 0, 0, 0, 0, 0, 0, 0, 0, 0, 0, 0, 0, 0, 0, 0, 0, 0, 0, 0, 0, 0, 0, 0, 0, 0, 0, 0, 0, 0, 0, 0, 0, 0, 0, 0, 0, 0, 0, 0, 0, 0, 0, 0, 0, 0, 0, 0, 0, 0, 0, 0.00011341042044639763, 0, 0, 0, 0, 0.2911306124074591, 0, 0, 0, 0, 0, 0, 0, 0, 0, 0, 0, 0, 0, 0, 0, 0, 0, 0, 0, 0, 0, 0, 0, 0, 0, 0, 0, 0, 0, 0, 0, 0, 0, 0, 0, 0, 0, 0, 0, 0, 0
0.42456885481956946, 1.8496315444141314, -0.7998044562884317, 1.2690871045069387
-6.006154221651551
41, 43, 44, 45, 46, 47, 48, 49, 50, 51, 52, 53, 54, 55, 56, 57, 58, 59, 60, 61, 62, 63, 64, 65, 66, 67, 68, 69, 70, 71, 72, 73, 74, 75, 76, 77, 78, 79, 2, 3, 15, 19, 20, 24, 27, 28, 31, 32, 35, 37, 81, 82, 83, 84, 86, 88, 89, 91, 92, 93, 95, 96, 97, 98, 99, 100, 102, 103, 104, 105, 107, 108, 112, 113, 116, 117, 119
0, 0, 0.1703774112569703, 0.15894431321806388, 0, 0, 0, 0, 0, 0, 0, 0, 0, 0, 0, 0.1489383330687063, 0, 0, 0, 0.04866817972657301, 0.10757888865962496, 0, 0, 0, 0.109427313495564, 0, 0, 0.109427313495564, 0.15505649955377013, 0, 0, 0.6202762196494587, 0.0021325526397257353, 0, 0, 0.0654517520979784, 0, 9.316381137064286e-05, 0, 0, 0, 0.6581787816436803, 0, 0.3990408065571719, 0.6225161967732715, 0.7564617612737964, 0.5063355674130109, 0.1819905890707493, 0, 0.11255322312743246, 0.7701123759786961, 0.5015579850577567, 0.1146319909173475, 0.2176531739411578, 0.5314843314279313, 0.662448523292804, 0.4123745445483556, 0.6390094352377459, 0.50007865205187, 0.2863561924072736, 0.051603125366026154, 0.03220343600611614, 0.35304252866891345, 0.2012386933998047, 0.4712330383650704, 0.9348513489164767, 0.7097351701945341, 0.02209808594224217, 0.5336624691323635, 0.16686447754286837, 0.0586110605420496, 0.5085659202337806, 0.24351741499230514, 0.0002377008075868614, 0.2712134085417104, 0.4656877638572514, 0.44168861997972536, 0.4963818023799908, 0.3223651624838563, 0.3982897867422893, 0, 0.46407463537744265, 0.12568427819067401, 0.5882051837210246, 0.1644798207275901, 0, 0.3357265605010735, 0, 0.6315290952182444, 1.0272514584176604, 0, 0.34330738765434216, 0.5698673566035162, 0.4018361686025642, 0, 0.22525946301716768, 0.30986231944992615, 0.2075527772794385, 0.3818764234201862, 0.4169827886510321, 0.47660513843740593, 0, 0.3294135938406901, 0.548888964323203, 0.9546939709626142, 0.061176079633466676, 0, 0.2768158515680216, 0.19204090158382298, 0, 0, 0, 0.5032559420820926, 8.72329959833018e-05, 0, 0, 0.5353604261566985, 0.13161148068332287, 0, 0.3087815867665512
0.30926367655619713, 0.4623463409510682, -1.8246086101028414, -1.7301855847229815
8.551204539398057
80, 89, 91, 93, 96, 97, 103, 104, 108, 112, 116, 117, 119, 43, 46, 48, 50, 52, 56, 57, 58, 63, 64, 65, 66
0, 0, 0, 0, 0, 0, 0, 0, 0, 0, 0, 0, 0, 0, 0, 0, 0, 0, 0, 0, 0, 0, 0, 0, 0, 0, 0, 0, 0, 0, 0, 0, 0, 0, 0, 0, 0, 0, 0, 0, 0, 0, 0, 0.08519524504233887, 0, 0, 0.052769467319465295, 0, 0.12434139645239076, 0, 0.39493986610434634, 0, 0.34187494733752094, 0, 0, 0, 0.08993680636180122, 0.4092921959758773, 0.022687157693475478, 0, 0, 0, 0, 0.5508801336703335, 0.07678719086876107, 0.00010543374574788741, 0.044419762864528804, 0, 0, 0, 0, 0, 0, 0, 0, 0, 0, 0, 0, 0, 0.10680391721167576, 0, 0, 0, 0, 0, 0, 0, 0, 0.273998506958217, 0, 0.06861252388822917, 0, 0.26908934566872367, 0, 0, 0.345884077636073, 0.2989310345372324, 0, 0, 0, 0, 0, 0.34689346084837486, 0, 0, 0, 0, 0.3577726290319807, 0, 0, 0, 0.00016016084141330945, 0, 0, 0, 0.09514865103884407, 4.718599707648464e-05, 0, 0.13321239844914637

C = 0.7000000000000001
0.05
0.06666666666666667
0.04307694649045171, -0.48820508918258004, 0.938717964326968, 0.43435898216348406
-1.4216148755324995
13, 31, 78
0, 0, 0, 0, 0, 0, 0, 0, 0, 0, 0, 0, 0, 6.882045823558248e-07, 0, 0, 0, 0, 0, 0, 0, 0, 0, 0, 0, 0, 0, 0, 0, 0, 0, 6.35018892447956e-07, 0, 0, 0, 0, 0, 0, 0, 0, 0, 0, 0, 0, 0, 0, 0, 0, 0, 0, 0, 0, 0, 0, 0, 0, 0, 0, 0, 0, 0, 0, 0, 0, 0, 0, 0, 0, 0, 0, 0, 0, 0, 0, 0, 0, 0, 0, 0.11225656039401946, 0, 0, 0, 0, 0, 0, 0, 0, 0, 0, 0, 0, 0, 0, 0, 0, 0, 0, 0, 0, 0, 0, 0, 0, 0, 0, 0, 0, 0, 0, 0, 0, 0, 0, 0, 0, 0, 0, 0, 0, 0
0.39229554652239723, 1.9213102559901218, -0.8458802157474603, 1.4742822669815163
-6.063607780584609
41, 43, 44, 45, 46, 47, 48, 49, 50, 51, 52, 53, 54, 55, 56, 57, 58, 59, 60, 61, 62, 63, 64, 65, 66, 67, 68, 69, 70, 71, 72, 73, 74, 75, 76, 77, 78, 79, 2, 3, 15, 19, 20, 24, 27, 28, 31, 35, 37, 81, 82, 83, 84, 86, 88, 89, 91, 92, 93, 95, 96, 97, 98, 99, 100, 102, 103, 104, 105, 107, 108, 112, 116, 117, 119
0, 0, 0.17474046540571325, 0.15253819207563368, 0, 0, 0, 0, 0, 0, 0, 0, 0, 0, 0, 0.15288693070476272, 0, 0, 0, 0.05016363741794198, 0.10908378247290934, 0, 0, 0, 0.11818207918640156, 0, 0, 0.11818207918640156, 0.1458016541977961, 0, 0, 0.5921336045027582, 0, 0, 0, 0.06111837336873641, 0, 8.91292772908066e-05, 0, 0, 0, 0.6449143612665978, 0, 0.38132140460684416, 0.6074786517734949, 0.7178849267473332, 0.5017761133516113, 0.15622646119868341, 0.00018095926564723916, 0.09992073477854914, 0.7678472681869306, 0.4786434840834514, 0.10702637179547285, 0.19366217069178637, 0.5002443589852252, 0.6287307880461386, 0.380507488008675, 0.6187064080334238, 0.4882069587659838, 0.2626468373887835, 0.04336234855923711, 0.019147055022630914, 0.33504005819942473, 0.20136920613701756, 0.47154211970538407, 0.9152037141748754, 0.6769087153201743, 0.008308758411746206, 0.5185370312421637, 0.16583007751052978, 0.05267316344259207, 0.48795429896680775, 0.22840716383946186, 0, 0.26382985312603924, 0.444247229564906, 0.42702113370531375, 0.47001036533899865, 0.3176975229999231, 0.3855797443091157, 0, 0.40361546033076035, 0.07260546033085291, 0.5029104183845798, 0.07103356433515354, 0, 0.2883895888556591, 0, 0.5754194991445313, 0.9637260836419234, 0, 0.26332023709156965, 0.5325868484800715, 0.34516049324483317, 0, 0.19747508974711628, 0.25364459570798353, 0.15328306125681812, 0.31374348386135026, 0.39397996057648926, 0.43917437007660537, 0, 0.2569324378428618, 0.5067479943859826, 0.9048460802162707, 0.018504911777150235, 0, 0.2294694438006917, 0.13580430559804954, 0, 0, 0, 0.42912593630567625, 0, 0, 0, 0.4690194834643879, 0.07698023937303484, 0, 0.24870855986680984
0.34541573667326747, 0.4024748676502602, -1.900954168439276, -1.7725962560907826
8.973247346684397
80, 89, 91, 93, 96, 97, 103, 104, 108, 112, 116, 119, 43, 46, 48, 50, 52, 56, 57, 58, 63, 64, 66
0, 0, 0, 0, 0, 0, 0, 0, 0, 0, 0, 0, 0, 0, 0, 0, 0, 0, 0, 0, 0, 0, 0, 0, 0, 0, 0, 0, 0, 0, 0, 0, 0, 0, 0, 0, 0, 0, 0, 0, 0, 0, 0, 0.06357915971178484, 0, 0, 0.03701384887938486, 0, 0.08026366264593437, 0, 0.3830507404397547, 0, 0.30836665947880026, 0, 0, 0, 0.05926357735730346, 0.3857248042036788, 0.00010150234899960373, 0, 0, 0, 0, 0.527227348651856, 0.06305604780320298, 0, 0.021929828604398, 0, 0, 0, 0, 0, 0, 0, 0, 0, 0, 0, 0, 0, 0.10039075707851552, 0, 0, 0, 0, 0, 0, 0, 0, 0.2893316506509375, 0, 0.06583278177559516, 0, 0.2754511632888429, 0, 0, 0.3492621777058165, 0.29492511831677637, 0, 0, 0, 0, 0, 0.34776719437853554, 0, 0, 0, 0, 0.35356408141649975, 0, 0, 0, 0.0002041725574683349, 0, 0, 0, 0.10662562979414339, 0, 0, 0.12556279426969616

C = 0.8
0.058333333333333334
0.06666666666666667
0.04625853808554219, -0.5211827995531008, 1.0030446153124943, 0.46412978496693447
-1.4528444969775751
13, 31, 78
0, 0, 0, 0, 0, 0, 0, 0, 0, 0, 0, 0, 0, 0.00033655614303910547, 0, 0, 0, 0, 0, 0, 0, 0, 0, 0, 0, 0, 0, 0, 0, 0, 0, 0, 0, 0, 0, 0, 0, 0, 0, 0, 0, 0, 0, 0, 0, 0, 0, 0, 0, 0, 0, 0, 0, 0, 0, 0, 0, 0, 0, 0, 0, 0, 0, 0, 0, 0, 0, 0, 0, 0, 0, 0, 0, 0, 0, 0, 0, 0, 0.00016874306173100492, 0, 0, 0, 0, 0, 0, 0, 0, 0, 0, 0, 0, 0, 0, 0, 0, 0, 0, 0, 0, 0, 0, 0, 0, 0, 0, 0, 0, 0, 0, 0, 0, 0, 0, 0, 0, 0, 0, 0, 0, 0
0.40009648223459215, 1.9390647913342707, -0.9062694523202915, 1.6223692996613137
-6.101531702459188
41, 43, 44, 45, 46, 47, 48, 49, 50, 51, 52, 53, 54, 55, 56, 57, 58, 59, 60, 61, 62, 63, 64, 65, 66, 67, 68, 69, 70, 71, 72, 74, 75, 76, 77, 78, 79, 2, 3, 15, 19, 20, 24, 27, 28, 31, 35, 37, 81, 82, 83, 84, 86, 88, 89, 91, 92, 93, 95, 96, 97, 98, 99, 100, 102, 103, 104, 105, 107, 108, 112, 116, 117, 119
0, 0, 0.1732388018192752, 0.14678512709973857, 0, 0, 0, 0, 0, 0, 0, 0, 0, 0, 0, 0.15077356912388012, 0, 0, 0, 0.05215717871906067, 0.10883251850223258, 0, 0, 0, 0.12046992388877349, 0, 0, 0.12046992388877349, 0.13905418356586818, 0, 0, 0.5644405622934331, 0, 0, 0, 0.05374533237170387, 0, 0.00014138752914587895, 0, 0, 0, 0.62732834145545, 0, 0.3587653552314178, 0.5924726166329285, 0.690115468617118, 0.4830003534437163, 0.13300653201662802, 0.00012905685529233433, 0.08721551087941111, 0.7491375624618809, 0.461234272792975, 0.09559207214802652, 0.1678622568391499, 0.4767216486950856, 0.6039715505108968, 0.35712071024167374, 0.5976958027894592, 0.47052788114511807, 0.24711285496472646, 0.034446632948910066, 0.008074938400844143, 0.31925008181563913, 0.187205116925192, 0.45353177512066695, 0.8873227605923865, 0.6497370828137439, 0.00015454568966217564, 0.4970070446990249, 0.15859965098973816, 0.03676238450776902, 0.4635500243518343, 0.21446541269522296, 0, 0.24940311768921558, 0.4186195589610435, 0.4069566647401331, 0.4472530703720369, 0.31391942665326744, 0.3689220759711567, 0, 0.3779044038939059, 0.05199497131758722, 0.46399183066302596, 0.02941675594798912, 0, 0.27543804297351804, 0, 0.5527819776551594, 0.9327515236314705, 0, 0.23112219281474197, 0.5224528435856829, 0.3188852670763368, 0, 0.1963539618320523, 0.22883488711744468, 0.13412495856529674, 0.287126426028798, 0.3919166088175767, 0.4261522047397227, 0, 0.2273796913050125, 0.49346592265443684, 0.8923756944692653, 0.00014314047061385186, 0, 0.21876270319034616, 0.11548420755110085, 0, 0, 0, 0.39956005851161414, 0, 0, 0, 0.4353328304176641, 0.0558194529987864, 0, 0.23034361723978589
0.3777296554350694, 0.3944042311124287, -1.9249737902143427, -1.9762110159515398
9.216821107880127
80, 89, 91, 93, 96, 97, 103, 104, 108, 116, 119, 43, 46, 48, 50, 52, 56, 57, 58, 63, 64, 65, 66
0, 0, 0, 0, 0, 0, 0, 0, 0, 0, 0, 0, 0, 0, 0, 0, 0, 0, 0, 0, 0, 0, 0, 0, 0, 0, 0, 0, 0, 0, 0, 0, 0, 0, 0, 0, 0, 0, 0, 0, 0, 0, 0, 0.053097701219223414, 0, 0, 0.039603791339943885, 0, 0.07120953071047785, 0, 0.3874142015509244, 0, 0.2894970383155648, 0, 0, 0, 0.041551040097285954, 0.3746385694678595, 0, 0, 0, 0, 0, 0.508907684080376, 0.06646624412541988, 5.2005101130736585e-05, 0.014731736626673495, 0, 0, 0, 0, 0, 0, 0, 0, 0, 0, 0, 0, 0, 0.05844597674424559, 0, 0, 0, 0, 0, 0, 0, 0, 0.27084460001130867, 0, 0.01836396316883984, 0, 0.2388977470933746, 0, 0, 0.3079384443278664, 0.25410770595550936, 0, 0, 0, 0, 0, 0.32683531607338584, 0, 0, 0, 0, 0.3091242659741309, 0, 0, 0, 0, 0, 0, 0, 0.07213201805465663, 0, 0, 0.0903496803473155

C = 0.9
0.058333333333333334
0.06666666666666667
0.04625853808554219, -0.5211827995531008, 1.0030446153124943, 0.46412978496693447
-1.4528444969775751
13, 31, 78
0, 0, 0, 0, 0, 0, 0, 0, 0, 0, 0, 0, 0, 0.00033655614303910547, 0, 0, 0, 0, 0, 0, 0, 0, 0, 0, 0, 0, 0, 0, 0, 0, 0, 0, 0, 0, 0, 0, 0, 0, 0, 0, 0, 0, 0, 0, 0, 0, 0, 0, 0, 0, 0, 0, 0, 0, 0, 0, 0, 0, 0, 0, 0, 0, 0, 0, 0, 0, 0, 0, 0, 0, 0, 0, 0, 0, 0, 0, 0, 0, 0.00016874306173100492, 0, 0, 0, 0, 0, 0, 0, 0, 0, 0, 0, 0, 0, 0, 0, 0, 0, 0, 0, 0, 0, 0, 0, 0, 0, 0, 0, 0, 0, 0, 0, 0, 0, 0, 0, 0, 0, 0, 0, 0, 0
0.3837819843737326, 1.939830258449853, -0.9289023610910682, 1.6971798656750645
-6.012172076904536
41, 43, 44, 45, 46, 47, 48, 49, 50, 51, 52, 53, 54, 55, 56, 57, 58, 59, 60, 61, 62, 63, 64, 65, 66, 68, 69, 70, 71, 72, 73, 74, 75, 76, 77, 78, 79, 2, 3, 14, 15, 19, 20, 24, 27, 28, 31, 35, 37, 81, 82, 83, 84, 86, 88, 89, 91, 92, 93, 95, 96, 97, 98, 99, 100, 102, 103, 104, 105, 107, 108, 112, 116, 117, 119
0, 0, 0.1739647597476558, 0.1425966807716236, 0, 0, 0, 0, 0, 0, 0, 0, 0, 0, 2.6815898317047003e-05, 0.152025861058951, 0, 0, 0, 0.05340605620784056, 0.10965220141617282, 0, 0, 0, 0.12355047900948246, 0, 0, 0.12355047900948246, 0.13453026764847323, 0, 0, 0.5501405987399964, 0, 0, 0, 0.05126956222739119, 0, 0.00012487057085846747, 0, 0, 0, 0.6202833032128829, 0, 0.34867786680363083, 0.5873130318296779, 0.6728805485485373, 0.4779353397124141, 0.12289376712627455, 0.00022120691464452494, 0.08341280441006002, 0.7431023474334438, 0.4522494864784896, 0.09014224239678727, 0.15586403850947925, 0.46325506714523595, 0.5888894322090948, 0.3420897993873573, 0.5853437004474364, 0.4633066512007451, 0.24036366439444265, 0.03299852367188669, 0.0052277605130226406, 0.31274263584907563, 0.18295597480549367, 0.45019036858130523, 0.8752474038303129, 0.6334976405048645, 0, 0.48954748459722314, 0.15865868076350179, 0.03312237037218299, 0.4523733331787866, 0.2090471694739199, 5.404431643655927e-05, 0.24561475667429403, 0.4084955358013767, 0.3997245037876225, 0.4355100960141271, 0.31624189699370236, 0.36318270861500357, 0, 0.3676006937875294, 0.0462133328859223, 0.4428672487302479, 0.006825311403772023, 0, 0.27187358586298227, 0, 0.5492159867889725, 0.918343678155907, 0, 0.2128070063728729, 0.5258678503190584, 0.3085134357081426, 0, 0.20241310336266846, 0.21869045489854194, 0.12590251451759074, 0.27551737229718304, 0.39819189122816995, 0.4273718921682442, 0, 0.21416977353705058, 0.4895912724171892, 0.8868052818625463, 0.00012677888327746218, 0, 0.21562744065465, 0.10619816448187676, 0, 0, 0, 0.38368193597831973, 0, 0, 0, 0.4209799340970536, 0.04844788153891277, 0, 0.2208011568512361
0.36884540018824447, 0.39018045754945924, -1.998252108205481, -2.155142498533594
9.943452479213608
80, 89, 91, 93, 96, 97, 103, 104, 108, 116, 119, 43, 46, 48, 50, 52, 56, 57, 63, 64, 66
0, 0, 0, 0, 0, 0, 0, 0, 0, 0, 0, 0, 0, 0, 0, 0, 0, 0, 0, 0, 0, 0, 0, 0, 0, 0, 0, 0, 0, 0, 0, 0, 0, 0, 0, 0, 0, 0, 0, 0, 0, 0, 0, 0.028133213929736445, 0, 0, 0.015169257288904905, 0, 0.045573657618802194, 0, 0.36907129732892513, 0, 0.26158500157788067, 0, 0, 0, 0.021657004450445314, 0.35805786964910746, 0, 0, 0, 0, 0, 0.47840636328124225, 0.039860754499470255, 0, 7.449966057368567e-05, 0, 0, 0, 0, 0, 0, 0, 0, 0, 0, 0, 0, 0, 0.029506421183228847, 0, 0, 0, 0, 0, 0, 0, 0, 0.26474073423197575, 0, 0, 0, 0.21755495572751093, 0, 0, 0.28515323787991764, 0.23204304300254347, 0, 0, 0, 0, 0, 0.313252979756531, 0.00015641359605143366, 0, 0, 0, 0.28658146365975046, 0, 0, 0, 0, 0, 0, 0, 0.05241556312168952, 0, 0, 0.07358320726699875

C = 1.0
0.058333333333333334
0.06666666666666667
0.04625853808554219, -0.5211827995531008, 1.0030446153124943, 0.46412978496693447
-1.4528444969775751
13, 31, 78
0, 0, 0, 0, 0, 0, 0, 0, 0, 0, 0, 0, 0, 0.00033655614303910547, 0, 0, 0, 0, 0, 0, 0, 0, 0, 0, 0, 0, 0, 0, 0, 0, 0, 0, 0, 0, 0, 0, 0, 0, 0, 0, 0, 0, 0, 0, 0, 0, 0, 0, 0, 0, 0, 0, 0, 0, 0, 0, 0, 0, 0, 0, 0, 0, 0, 0, 0, 0, 0, 0, 0, 0, 0, 0, 0, 0, 0, 0, 0, 0, 0.00016874306173100492, 0, 0, 0, 0, 0, 0, 0, 0, 0, 0, 0, 0, 0, 0, 0, 0, 0, 0, 0, 0, 0, 0, 0, 0, 0, 0, 0, 0, 0, 0, 0, 0, 0, 0, 0, 0, 0, 0, 0, 0, 0
0.41222947723850645, 1.9282728817251718, -0.9914934898325258, 1.7806923790505798
-6.007068738775105
41, 43, 44, 45, 46, 47, 48, 49, 50, 51, 52, 53, 54, 55, 56, 57, 58, 59, 60, 61, 62, 63, 64, 65, 66, 68, 69, 70, 71, 72, 74, 75, 76, 77, 78, 79, 2, 3, 14, 15, 19, 20, 24, 27, 28, 31, 35, 81, 82, 83, 84, 86, 88, 89, 91, 92, 93, 95, 96, 97, 98, 99, 100, 102, 103, 104, 105, 107, 108, 112, 116, 117, 119
0, 0, 0.15994106575529515, 0.1277344855170574, 0, 0, 0, 0, 0, 0, 0, 0, 0, 0, 0, 0.13800187779602918, 0, 0, 0, 0.04561866414748573, 0.09907843084570282, 0, 0, 0, 0.11237138588719403, 0, 0, 0.11237138588719403, 0.12033161730568187, 0, 0, 0.5189759015652636, 0, 0, 0, 0.034357063524738905, 0, 0, 0, 0, 0, 0.6053439048852693, 0, 0.32881482519018246, 0.5779312149203133, 0.6569130955474278, 0.456846766663909, 0.1078220465485636, 9.599358239395374e-05, 0.07547468792763888, 0.7199357231679392, 0.4427658219100719, 0.07876966736501965, 0.1352347365135187, 0.4494826886221612, 0.5743806893534306, 0.32761025065341104, 0.5675166544917764, 0.44699595920936314, 0.23506599830994465, 0.027905008059538088, 7.5733270156461e-05, 0.3033315014309128, 0.16401942947704792, 0.4277741271681281, 0.8497683925551769, 0.6148169176850168, 0, 0.4711136697369384, 0.15155964408440853, 0.016912824111651948, 0.4317736379621855, 0.20037268865890884, 0, 0.23216268407272064, 0.3878952620436542, 0.3826911767128248, 0.42041004912638036, 0.31745762612125555, 0.3496578165926144, 0, 0.36463851576232775, 0.04684642785368158, 0.4347047467968071, 0, 0, 0.2788313904431869, 0, 0.5518980622390912, 0.9090440524678477, 0, 0.21029008088047946, 0.5343564400409182, 0.30211593132191, 0, 0.21589861094522236, 0.21369343829779702, 0.12720031147936955, 0.2759466060633538, 0.4075493334161997, 0.43098104244448865, 0, 0.21315460494807567, 0.4924213008734301, 0.895091746006185, 0.00021190584749089362, 0, 0.22537162374496977, 0.10677390490136286, 0, 0, 0, 0.3819309815978766, 0, 0, 0, 0.41027882942474275, 0.04835920923494115, 0, 0.22619840362694274
0.3425109257207335, 0.3395682441796591, -2.0522147134948265, -2.222362477356284
10.631612459667224
80, 89, 91, 93, 96, 97, 103, 104, 108, 116, 119, 43, 46, 48, 50, 52, 56, 57, 63, 64, 66
0, 0, 0, 0, 0, 0, 0, 0, 0, 0, 0, 0, 0, 0, 0, 0, 0, 0, 0, 0, 0, 0, 0, 0, 0, 0, 0, 0, 0, 0, 0, 0, 0, 0, 0, 0, 0, 0, 0, 0, 0, 0, 0, 0.01666226883227245, 0, 0, 4.294566978510896e-05, 0, 0.021637477596155145, 0, 0.36296792007357037, 0, 0.24518401020494082, 0, 0, 0, 0.016473134877635513, 0.3571281165686219, 0, 0, 0, 0, 0, 0.46310061777910516, 0.022406006254879804, 0, 0, 0, 0, 0, 0, 0, 0, 0, 0, 0, 0, 0, 0, 0, 0.01094673286745263, 0, 0, 0, 0, 0, 0, 0, 0, 0.27393413994042815, 0, 0, 0, 0.21225001369921667, 0, 0, 0.279150061499865, 0.2231433457447428, 0, 0, 0, 0, 0, 0.3069954021963239, 3.156112683123169e-05, 0, 0, 0, 0.2789579293351834, 0, 0, 0, 0, 0, 0, 0, 0.05053225404485668, 0, 0, 0.06678805739367102

